1 0.777303 0.546994 0.236878 0.158886
1 0.580304 0.623461 0.132472 0.098959
1 0.579822 0.521182 0.134630 0.101559
1 0.409143 0.678744 0.152287 0.140442
1 0.204622 0.696444 0.215556 0.179324
1 0.210508 0.544106 0.218499 0.159012
1 0.213818 0.383352 0.216291 0.161334
1 0.196162 0.219117 0.185393 0.161334
1 0.387440 0.235366 0.186864 0.196154
1 0.404729 0.401633 0.149344 0.136379
1 0.406568 0.539173 0.150080 0.136379
1 0.787872 0.387076 0.184814 0.155179
1 0.595540 0.391523 0.188573 0.170004
1 0.790691 0.226955 0.179176 0.160121
1 0.598672 0.225472 0.182308 0.158144
