1 0.546994 0.222697 0.158886 0.236878
1 0.623461 0.419696 0.098959 0.132472
1 0.521182 0.420178 0.101559 0.134630
1 0.678744 0.590857 0.140442 0.152287
1 0.696444 0.795378 0.179324 0.215556
1 0.544106 0.789492 0.159012 0.218499
1 0.383352 0.786182 0.161334 0.216291
1 0.219117 0.803838 0.161334 0.185393
1 0.235366 0.612560 0.196154 0.186864
1 0.401633 0.595271 0.136379 0.149344
1 0.539173 0.593432 0.136379 0.150080
1 0.387076 0.212128 0.155179 0.184814
1 0.391523 0.404460 0.170004 0.188573
1 0.226955 0.209309 0.160121 0.179176
1 0.225472 0.401328 0.158144 0.182308
