1 0.222697 0.453006 0.236878 0.158886
1 0.419696 0.376539 0.132472 0.098959
1 0.420178 0.478818 0.134630 0.101559
1 0.590857 0.321256 0.152287 0.140442
1 0.795378 0.303556 0.215556 0.179324
1 0.789492 0.455894 0.218499 0.159012
1 0.786182 0.616648 0.216291 0.161334
1 0.803838 0.780883 0.185393 0.161334
1 0.612560 0.764634 0.186864 0.196154
1 0.595271 0.598367 0.149344 0.136379
1 0.593432 0.460827 0.150080 0.136379
1 0.212128 0.612924 0.184814 0.155179
1 0.404460 0.608477 0.188573 0.170004
1 0.209309 0.773045 0.179176 0.160121
1 0.401328 0.774528 0.182308 0.158144
