0 0.515105 0.492500 0.692592 0.801013
1 0.316502 0.707753 0.129791 0.184503
1 0.310908 0.561501 0.096224 0.105002
1 0.290208 0.325997 0.133148 0.333005
1 0.425594 0.749004 0.095106 0.174003
1 0.402657 0.505250 0.085036 0.217503
1 0.442377 0.244996 0.160001 0.201003
1 0.598462 0.240496 0.149931 0.204003
1 0.502238 0.370998 0.105176 0.060001
1 0.600141 0.364248 0.104057 0.049501
1 0.498881 0.480500 0.109651 0.159003
1 0.608532 0.478250 0.118602 0.172503
1 0.727694 0.358998 0.171190 0.420007
1 0.530210 0.720504 0.067133 0.228004
1 0.479860 0.720504 0.035804 0.222004
1 0.684057 0.701753 0.267414 0.277504
