0 0.507500 0.484895 0.801013 0.692592
1 0.292247 0.683498 0.184503 0.129791
1 0.438499 0.689092 0.105002 0.096224
1 0.674003 0.709792 0.333005 0.133148
1 0.250996 0.574406 0.174003 0.095106
1 0.494750 0.597343 0.217503 0.085036
1 0.755004 0.557623 0.201003 0.160001
1 0.759504 0.401538 0.204003 0.149931
1 0.629002 0.497762 0.060001 0.105176
1 0.635752 0.399859 0.049501 0.104057
1 0.519500 0.501119 0.159003 0.109651
1 0.521750 0.391468 0.172503 0.118602
1 0.641002 0.272306 0.420007 0.171190
1 0.279496 0.469790 0.228004 0.067133
1 0.279496 0.520140 0.222004 0.035804
1 0.298247 0.315943 0.277504 0.267414
