0 0.492500 0.515105 0.801013 0.692592
1 0.707753 0.316502 0.184503 0.129791
1 0.561501 0.310908 0.105002 0.096224
1 0.325997 0.290208 0.333005 0.133148
1 0.749004 0.425594 0.174003 0.095106
1 0.505250 0.402657 0.217503 0.085036
1 0.244996 0.442377 0.201003 0.160001
1 0.240496 0.598462 0.204003 0.149931
1 0.370998 0.502238 0.060001 0.105176
1 0.364248 0.600141 0.049501 0.104057
1 0.480500 0.498881 0.159003 0.109651
1 0.478250 0.608532 0.172503 0.118602
1 0.358998 0.727694 0.420007 0.171190
1 0.720504 0.530210 0.228004 0.067133
1 0.720504 0.479860 0.222004 0.035804
1 0.701753 0.684057 0.277504 0.267414
