0 0.507500 0.515105 0.801013 0.692592
1 0.292247 0.316502 0.184503 0.129791
1 0.438499 0.310908 0.105002 0.096224
1 0.674003 0.290208 0.333005 0.133148
1 0.250996 0.425594 0.174003 0.095106
1 0.494750 0.402657 0.217503 0.085036
1 0.755004 0.442377 0.201003 0.160001
1 0.759504 0.598462 0.204003 0.149931
1 0.629002 0.502238 0.060001 0.105176
1 0.635752 0.600141 0.049501 0.104057
1 0.519500 0.498881 0.159003 0.109651
1 0.521750 0.608532 0.172503 0.118602
1 0.641002 0.727694 0.420007 0.171190
1 0.279496 0.530210 0.228004 0.067133
1 0.279496 0.479860 0.222004 0.035804
1 0.298247 0.684057 0.277504 0.267414
